172.0
156.0
94.0
94.0
141.0
94.0
94.0
141.0
188.0
125.0
109.0
94.0
140.0
78.0
93.0
141.0
94.0
125.0
47.0
109.0
140.0
125.0
94.0
187.0
109.0
157.0
140.0
78.0
156.0
94.0
125.0
172.0
187.0
140.0
172.0
172.0
141.0
141.0
125.0
94.0
125.0
172.0
125.0
109.0
172.0
94.0
110.0
172.0
94.0
109.0
109.0
110.0
125.0
125.0
187.0
110.0
94.0
125.0
110.0
78.0
94.0
109.0
110.0
125.0
125.0
47.0
141.0
141.0
157.0
125.0
94.0
156.0
125.0
125.0
94.0
141.0
141.0
172.0
125.0
156.0
125.0
140.0
141.0
94.0
94.0
156.0
172.0
125.0
141.0
78.0
141.0
94.0
125.0
78.0
110.0
94.0
94.0
156.0
125.0
110.0
109.0
171.0
109.0
125.0
125.0
140.0
156.0
79.0
78.0
93.0
156.0
156.0
125.0
125.0
109.0
125.0
156.0
78.0
109.0
109.0
140.0
140.0
141.0
172.0
125.0
47.0
141.0
109.0
156.0
94.0
188.0
141.0
31.0
172.0
172.0
171.0
140.0
109.0
110.0
141.0
94.0
110.0
187.0
140.0
93.0
94.0
109.0
156.0
