94.0
47.0
63.0
62.0
78.0
62.0
47.0
62.0
62.0
62.0
63.0
125.0
78.0
78.0
63.0
47.0
32.0
78.0
157.0
63.0
62.0
47.0
63.0
63.0
47.0
47.0
47.0
47.0
79.0
62.0
94.0
78.0
63.0
62.0
62.0
63.0
63.0
63.0
63.0
62.0
78.0
94.0
110.0
63.0
31.0
93.0
63.0
63.0
140.0
63.0
94.0
78.0
78.0
63.0
63.0
62.0
62.0
78.0
78.0
62.0
47.0
31.0
31.0
47.0
63.0
62.0
47.0
63.0
47.0
63.0
63.0
78.0
63.0
78.0
47.0
78.0
94.0
63.0
79.0
78.0
78.0
47.0
47.0
63.0
47.0
62.0
63.0
63.0
63.0
62.0
78.0
63.0
63.0
63.0
78.0
63.0
63.0
62.0
62.0
62.0
78.0
78.0
46.0
62.0
62.0
63.0
79.0
47.0
63.0
47.0
31.0
78.0
63.0
47.0
63.0
63.0
63.0
47.0
78.0
47.0
62.0
32.0
47.0
79.0
63.0
78.0
78.0
63.0
78.0
63.0
62.0
94.0
62.0
47.0
63.0
63.0
62.0
62.0
63.0
63.0
62.0
47.0
63.0
78.0
78.0
78.0
32.0
62.0
31.0
94.0
78.0
78.0
63.0
63.0
79.0
78.0
47.0
62.0
78.0
47.0
63.0
78.0
63.0
47.0
79.0
109.0
47.0
63.0
62.0
47.0
94.0
