78.0
63.0
62.0
63.0
78.0
62.0
47.0
31.0
46.0
47.0
31.0
32.0
125.0
62.0
78.0
62.0
47.0
32.0
47.0
47.0
31.0
31.0
31.0
47.0
63.0
47.0
47.0
31.0
47.0
78.0
78.0
63.0
62.0
63.0
93.0
62.0
31.0
47.0
63.0
47.0
63.0
47.0
47.0
109.0
47.0
63.0
94.0
46.0
79.0
62.0
31.0
47.0
47.0
47.0
62.0
47.0
46.0
62.0
31.0
63.0
47.0
63.0
47.0
47.0
32.0
78.0
46.0
31.0
78.0
62.0
47.0
63.0
47.0
125.0
62.0
47.0
63.0
47.0
47.0
62.0
94.0
63.0
47.0
78.0
46.0
31.0
47.0
46.0
141.0
47.0
31.0
47.0
78.0
46.0
78.0
47.0
78.0
63.0
78.0
47.0
78.0
62.0
62.0
109.0
63.0
63.0
78.0
47.0
78.0
94.0
63.0
125.0
62.0
47.0
47.0
46.0
63.0
63.0
94.0
62.0
78.0
47.0
47.0
47.0
63.0
78.0
47.0
62.0
62.0
63.0
125.0
78.0
32.0
63.0
78.0
78.0
32.0
62.0
46.0
63.0
78.0
47.0
63.0
47.0
47.0
15.0
79.0
94.0
47.0
47.0
62.0
62.0
46.0
94.0
47.0
47.0
62.0
47.0
63.0
47.0
62.0
32.0
31.0
31.0
62.0
63.0
47.0
47.0
47.0
47.0
47.0
62.0
78.0
62.0
78.0
156.0
63.0
63.0
62.0
62.0
62.0
78.0
78.0
63.0
47.0
62.0
63.0
62.0
47.0
78.0
63.0
63.0
78.0
63.0
63.0
63.0
63.0
31.0
62.0
63.0
141.0
109.0
46.0
63.0
156.0
78.0
46.0
78.0
62.0
47.0
47.0
47.0
62.0
94.0
78.0
47.0
78.0
62.0
62.0
47.0
46.0
94.0
63.0
47.0
46.0
47.0
47.0
47.0
171.0
63.0
125.0
157.0
63.0
78.0
62.0
78.0
62.0
94.0
47.0
47.0
79.0
140.0
94.0
79.0
47.0
94.0
62.0
62.0
47.0
62.0
141.0
62.0
62.0
47.0
47.0
125.0
78.0
140.0
78.0
62.0
63.0
78.0
63.0
47.0
94.0
31.0
62.0
47.0
78.0
62.0
78.0
47.0
78.0
47.0
62.0
47.0
78.0
47.0
141.0
63.0
62.0
78.0
62.0
63.0
78.0
188.0
31.0
46.0
47.0
62.0
63.0
62.0
78.0
63.0
63.0
63.0
63.0
125.0
47.0
62.0
79.0
62.0
62.0
62.0
78.0
63.0
78.0
94.0
46.0
63.0
63.0
62.0
47.0
78.0
79.0
78.0
94.0
47.0
78.0
78.0
32.0
62.0
63.0
47.0
62.0
62.0
78.0
63.0
78.0
31.0
