62.0
78.0
141.0
109.0
125.0
78.0
94.0
94.0
62.0
94.0
188.0
141.0
47.0
78.0
94.0
94.0
62.0
94.0
109.0
63.0
94.0
63.0
125.0
63.0
31.0
62.0
78.0
63.0
94.0
63.0
94.0
94.0
156.0
63.0
79.0
78.0
62.0
78.0
94.0
125.0
94.0
78.0
110.0
94.0
47.0
78.0
109.0
79.0
47.0
78.0
94.0
47.0
94.0
78.0
31.0
78.0
94.0
78.0
94.0
78.0
94.0
94.0
94.0
94.0
94.0
62.0
109.0
94.0
94.0
94.0
156.0
78.0
94.0
94.0
78.0
125.0
93.0
110.0
62.0
109.0
47.0
109.0
156.0
94.0
78.0
94.0
78.0
62.0
93.0
125.0
109.0
94.0
109.0
110.0
125.0
93.0
79.0
94.0
109.0
63.0
63.0
141.0
94.0
78.0
63.0
62.0
78.0
109.0
94.0
94.0
109.0
109.0
78.0
78.0
141.0
94.0
94.0
125.0
78.0
109.0
110.0
94.0
109.0
94.0
141.0
93.0
125.0
93.0
141.0
78.0
125.0
125.0
62.0
109.0
94.0
