125.0
63.0
171.0
94.0
47.0
46.0
47.0
63.0
47.0
141.0
62.0
172.0
47.0
32.0
63.0
47.0
63.0
78.0
63.0
93.0
31.0
94.0
172.0
110.0
78.0
94.0
94.0
78.0
78.0
78.0
78.0
78.0
188.0
62.0
94.0
109.0
78.0
109.0
94.0
47.0
78.0
78.0
94.0
156.0
47.0
110.0
93.0
63.0
63.0
172.0
79.0
94.0
47.0
187.0
156.0
94.0
62.0
78.0
94.0
63.0
125.0
62.0
62.0
62.0
47.0
62.0
78.0
62.0
63.0
79.0
62.0
47.0
156.0
62.0
62.0
47.0
63.0
31.0
94.0
47.0
79.0
94.0
62.0
47.0
94.0
62.0
78.0
47.0
62.0
62.0
63.0
110.0
47.0
78.0
110.0
62.0
62.0
156.0
78.0
125.0
78.0
47.0
78.0
94.0
125.0
172.0
109.0
78.0
78.0
156.0
47.0
93.0
109.0
94.0
125.0
